J 46 03000 , 335
45 03033 , 335 ¹
ἑ 44 03005 , 355
43 03053 335 ξ
3 42 0,9479 335
01 03035 335
ἓ 00 03513 335
³ 39 03537 330 =
38 03503 130 Ι
³ 33 03553 130
03330 030
03305 0,οο
03053 4 535 1
0,9869 1,35
0‚9881 130
03000 Ι 030
03005 035
03330 030
03333 030 .

03303 , 035 ,

 

ΞΞΞΞΞ

 

ι-ιι--ιμ
QDtF—Qt

 

ς 35 0353]
35 03535 ,
1 30 03500
> 33 0,9611

<oz-:¹:0⁴

33 03533 ,
31 03535
³ 30 4 03505
33 A 03553
ἓ 33 Ι 03553 ,
x 33 Ῑ 03533

 

35 l 03000
¹ 35 Ι 03300
30 03310
33 03331

Φῡ-Ιωωῷῡὶόῧῆῐω

0305] Ι 0,οο
03300 A 035
030οι 3 030

0

 

 

