³ 51 1856 111811861 18 11511181818861
5 58 1861 18611188 88 1168 116881888
³ 59 1,368 88111188 81 1168 11818 1888
68 1818 818811816 81 1161 116181818
‘ 61 18185 81881881 88 1118 111811885
61 1881 858118611 81 11111188118811
68 1888 81811888 86 1111 1111811881
61 1881881811181 88 1186 111181818
65 1888 88811118 81 1188 118881811
= 66 1168 81611 1161 88 1186 188111811ι
61 1168 81811181Ι 88 1188 181581181
68 1111 888815881 86 1181 1811811181
68 1116 8118115881 81 11881888111118
18 1111 88111 1818· 81 1186181681188
· 11 1115 Ι181181 1811 88 1188 188811118
6 11 1118 1818818811 81 1868 1118111811

73 11331181611689 95 1602 1116811113

11 11811186811

16811 86 1881 1118811881
15 1111 Ι18888 11111 81 1566 1116881811
16 1115 1888811111 88 1588 111881816
11 1118 1118111181

18 115811888 11881

 

 

99 1514 1498‚9 2677

 

6
6

6

 

6
6
6
6
= 6

 

