510

io 1112121111221121.

cu tl
1 ’ 1 Ι 1

⁴ i 1 12126 10,11 2251 26 112222 2222 226
2 12212 2222 2211 21 1221122521 215
‘ 3 1,0331 2222 211Ι 22 1122212662 225
4 2 ,12222 2121 1221 22 112225 2222 2,56
1 5 12555 5212 122 22 1221212222 221
6 12666 6222 122 21 12212 2162 1222
1 12111 1522 122 22 12525 2222 1222
. 3 12222 2121 2,11 33 1126222222 1122
1 2 Ι12222 2222 221 22 11212512612 1126

12 121111112 211 25 112222 2222 1222

1 11 1122212222 222 Ι 26 122215212 1252
.

12 12222 1262 222. 21 112222 5126 1221
⁴ 13 122221222 21211 33 11212215212 1222
12 125551612 2221 22 112222 5555 1221
, 15 126651152 2211] 22 Ι12222 5122 1222
¹ 16 121111222 2121 21 112222 5222 1212
1 11 122212222 522 22 112522 612,6 15221
3 12 12222 2162 5221 22 12626 6222 1531l
² 19 12122 2221 5221 22 1212216222 1622
1 20 12212 2222 622 25 Ι12222 661211626
1 21 1231312592 621126 12922 6216211122·
¹ 22 1111112121 6221 21 15212 1252 1122

¹ ¹ 22 125512221 121122 1511111252 1221
1 22 2266122221122 22 1222212521222

125 121112122 121 52 1532316521222

1 ι ’
1 1 1 1
. 1 1 1 ι

 

 

