511

- - - ...---,,,, -. -Ἶ

1 100131031033 21 11055 23231 531ξ
ς 2 10003 2110 035 22 11102 2112 5,10
ἱ 3 10113 3113 033 23 11155 2553 101
1 101031111 112 21 11210 2503 133
’ 5 10213 5121 110 25 11250 2315 112
0 13203 5115 150 25 11312 20114 331
1 1,031312,10100 21 11355 3053 112
3 10302 3331123 23 111204 3103 311
0 10112 03331233 20 11112· 3311 0331
¹ 10 101021013 2331 30 11522 3151 033
11 105121153 3331 31 115113533 031
¹ 12 1105021211 11οῑ 32 11525 3123 1120

 

 

2 13 Ι105121333 310 33 11515 3353 1031

³ 11 1,0502110,1 111 31 111213031 1031
15 101121511 112 35 1111011231131
15 1010311121111111 35 113321253 1150
11 1,0311131,3“ 535Ι 31 113351303 1235Ι
Ν 13 10301101] 533 33 1,1010153,1 1111Ι
10 1011152033 111 30 110011513 1233

Ν 20 10003 2203 533

 

 

