509
Solutio Hydratis 1131161.

mmmm Pandarum

wpogvrfldgffm. centllnnuoln nw- wie·

111 1

Pandoram

131133 ΡΜ· ntor.

mmmm· 3931111111. comaga

1000.

:2 .,-“”’-““-“- Ι’

1 1693319631913 11 115913166 661
1 1911511135136 13 1161153515 633
3 161611 3119* 155 19 19396 3119 661Ι
, 1 163591111911 30 19995 3319 699
i 5 16151ι51161993 31 139191933 113
6 1651163961 113 31 1111111111 111*
1 196311116133Ι 33 131111311 111
3 16139 3561Ι 153 31 133311536 361Ι
9 193119111 1131 35 131191111 393

‘'L—:3

10 169131999 1911 36 135191313 369
11 119131111 116 “’ 31 13659 5956 969
11 111931339 131 ·‹ 33 13169 5139 131
13 111931156 1591 39 13319 5113 161
11 11191Ι 1539 131 h 19 139915596 996
15 113961199 361 ;; 11 11193 5139 1139
16 111931339 391 *i 11 11115 5916 1963
11 115911916 351 ’ξ 13 11319 6169 1191
13 116331111 1151 11 11113 6355 1131
19 111361139 3991 15 11553 655,1 1161
19 113311311 1931 16 11613 6156 11611
11 119311511 113Ι 11 11199 6959 1133
11 199331656 1931 13 1111911115 1111
13 191311399 199Ι 19 159151369 1111
11 1113511116 595 59 1,5113151913,13
15 113313911 561 51 1,5161113,113,36
16 19139 3111 5,13 ἶ

 

