1111111111111 1111111111 gradu caloris 120 ad 3500.

2004210 220 230 240 250 2601270 28οἰ290300 310 3201330 340 350

--.-4---- ———-——-— .-- -——--—.-—-—-—— — *—

0896 0095 0093 0032 ΟΜ 0090 0388 0087 0086 0085 0083 0082 0081 0080 0028 0022

1οὣ 1038 1082 1037 lffi 1038 1036 1035 1094 1034 1033 1033 1032 1032 1031 1031

10230 10221 10222 10218 10214 20210 10204 10198 10192 10186 10180 10176 10172 10168 10164 10180

10111010111 10111 10111 10111 1011110111 10111 1011110111 1111110111 10111 1011110111 10111
11111 10111 10111 10111 11111 10111 10111 11111 11111 10111 11111 1001 10111 1111111111 11111
11111 11111 11111 1111 11111 11111 11111 11111 11111 11111 11111 11111 11111 111111111111111
11111111 1111 1111 1111 1111 1111 1111 1111 1111 1111 1111 1111 1111 1111 1111
10111 10111 10111 10111 10111 10111 10111 10111 10111 1011110111 10111 10111 10111 1011110111
1111111111 11111 11111 11111 1111111111 11111 111111111111111111111111111111 11111 11111
11111 11111 11111111111111111111 101111111111111 11111 11111 1111111111 10111 10111 10111
1111 10111 10111 111111111111111 1011110111 1011111111 10111 11111 10111 10111 10111 11111

1181410111 11111101111011110111 10111 10111 1011110111 10111 1011110111 1011110111 10111

1111 1111

1111101011101111111111111111 10111 10111 11111 11111 11111 11111 11111 10111 11111 11111 17719

107111010768 10737 10118 10699 10880 10881 10642 10623 10804 10584 10686 10646 10627 10503 10489

1011410111 10111 1011110111 1011110111 101111011110111 101111011110111 10111 10111 10111
10111 10111 10111 10111 10111 10111 10111 10111 10111 10111 10111 10111 10111 10111 10111 10111

1111141οι11 10111 1011110111 1011110111 1011110111 10111 10111 01111 1011110111 1011101110

 

