514

Avidum sulfurieum.

j ”¹8⁰⁴ ⁴ ἦ
’ mmmm 7
“ ⁰⁰ ⁸22⁰* ιβίἓῃάοῗπι. 73777ιὶῖῇῑί m· 'wan' tptfficllsm. 78777117177777 ”¹⁸¹⁶ Ὗ

on 777777 {33¹3st 7777771737. ῗὸιόιὸι

1,006 10,Οὸ 0,21μ 29 1‚213³351,8 7,17

7777 7775 777 37 7777 3573 777
7777 7777 777 37 7777 3377 777
7777 7773 7377 37 17737 3753 777
7737 5777 7757 33 7777 7777 737
7777 7775 7777 37 7755( 7777 777
7777 7777 777 {ff 35 7777 7777 777
7757 3737 777 *f 33 7773 7573 737
7777 7777 775 Ι· 37 7737 7777 777
7757 7777 773 37 7777 7377 777
7777 7777 777 37 7773 5777 7737
773377377 7757 77 7377 5773 7777
7777 7777 737 77 7377 5377 7777
7777 7575 777 77 7375, 55754 7735
7775 7573 7337 73 733315777 7777
77777777 773 77 7377 5777 7775
7777 7777 733 75 73577 5777 7777
7773 7777 777 77 73777 7777 7777
77357777 777 77 7377* 7777 7777
7773 7777 777 73 7337 7777 7757
7757 7777 7737 77 7377 7377 7737
7753 7573 7777 57 7377 7775 7777
7777 7777 7757 57 7773( 7777 7777
7777 7373 7751 57 7773 7377 7777
7737 7775 773 77 53 7777 7577 15‚45

77 7777 3777Ι 7377 57 7777ἱ 7777 7737

 

77 77733775 330} 55 7757 77757 7777

 

73 77773377] 339}1 57 7777 377717777

 

