512

Aeldum uitricum.

onerum onus ΠΨ „mmm ο ς nmnmn
ω’ωῗηίο 1211117126667371 '¹' αξξ. netu cen οη ⁰
' 66163 0 c

 

3 1,016 3148 (118
1 10215 1186 165
5 1‚027 51,35 0‚81
6 1,033 61,98 0,98
7 1,038 7166 1‚15

8 1,014 8332 132 Η

9 1,050 9150 1‚50
10 1,056 105‚6 1‚68
11 10621118 1‚85
12 1,068 1212 103
13 10711316 121
11 10801512 110
15 10861619 158
16 10921717 177
17 1099 1818 196
18 11061911 3‚16
19 11122113 135
20 1118 2216 151
21 1,125 2312 175
22 1,131 2118 196

23 1133 2617 116
21 1,111 2716 136
26 1161 2373 167
26 1,167 3613 177
27 11613113 1331
23 1,1713273 6,2οξ

n οἱ ,ἢ „⁰2 2.
1 ι1666 1166 1161 23 11177 3113Ι 111
36 11131 3612 663

2 13166 2121 0‚32;

31 Ι1131 3612 136·
32 1133 3311 633
33 12616 3316 631
31 12111117 163Ι
36 12131263 176
36 12261116 733
37 12311616 123

 

33 12331711 116
33 121161311 773
1ο 1261 6611 731
11 1263 6163 113ἷ
12 1261 6313 112
13 1271 61631337.
11 1277 6613ξ 3311
16 1231 671311171
16 1231 63331112
17 1237 6616 1671
13 1363 6211 132
13 1363 611111117
66 1316 66111111
61 1322 6712 1176
62 1323 6316 1636Ι
63 1331 767311122
61 1333 7211 ς1117
66 13161731311171
66 1,3611766,6ξ12,667

 

